101994
128080
128081
128084
128086
165394
165395
165397
17304
17305
17306
17314
17316
17317
17323
19350
196
202182
275
276017404
276017405
276017406
276017407
276017429
276017430
276017431
276017432
276017442
276017465
276017478
276017479
276017481
276017483
276017485
276017486
276017487
276017488
276017489
276026238
283
285
307
309613
319
322
338334
415
418
424
428
439
449
450
455
461
464
469
473
8064
8065
B8601
PRAW10
PRAW11
PRAW13
PRAW14
PRAW15
PRAW16
PRAW17
PRAW18
PRAW19
PRAW20
PRAW21
PRAW22
PRAW23
PRAW24
PRAW25
PRAW26
PRAW27
PRAW28
PRAW29
PRAW30
